-2.902476, -79.005242|
-2.902059, -79.005960|
-2.901523, -79.007142|
-2.900721, -79.008031|
-2.898937, -79.010462|
-2.898464, -79.010363|
-2.898833, -79.009348|
-2.899469, -79.008455|
-2.899306, -79.008306|
-2.899937, -79.007273|
-2.900428, -79.006492|
-2.900980, -79.005512|
-2.901925, -79.003839|
-2.902416, -79.002921|
-2.902693, -79.002293|
-2.902957, -79.002046|
-2.903391, -79.001560|
-2.903792, -79.001059|
-2.904449, -79.000407|
-2.904784, -78.999457|
-2.905086, -78.998507|
-2.905368, -78.997734|
-2.905537, -78.997298|
-2.905627, -78.996978|
-2.905723, -78.996729|



















