-2.898955, -79.006211|
-2.898892, -79.006294|
-2.898481, -79.006117|
-2.897520, -79.005930|
-2.897648, -79.005445|
-2.897389, -79.005485|
-2.897774, -79.004985|
-2.897887, -79.004566|
-2.897999, -79.004106|
-2.897895, -79.003875|
-2.898261, -79.003104|
-2.898540, -79.002095|
-2.898700, -79.001151|
-2.899486, -78.998156|
-2.898607, -78.997939|
-2.898584, -78.997943|
-2.898337, -78.998936|
-2.899233, -78.999107|
-2.900262, -78.999354|
-2.901183, -78.999515|
-2.902208, -78.999767|
-2.901733, -79.001728|
-2.902892, -79.002100|
-2.903423, -79.001659|
-2.903445, -79.001614|















