-2.885319, -78.994096|
-2.885776, -78.994085|
-2.885591, -78.998721|
-2.888925, -78.999468|
-2.891138, -78.996189|
-2.895593, -78.996493|
-2.898684, -78.996697|
-2.898578, -78.997995|
-2.898633, -78.998405|
-2.898321, -78.998943|
-2.897798, -79.000915|
-2.897055, -79.003897|
-2.897468, -79.004346|
-2.896813, -79.004792|
-2.898786, -79.005120|
-2.901003, -79.005567|
-2.903129, -79.006602|
-2.905156, -79.007162|
-2.903943, -79.003178|
-2.904727, -79.001657|
-2.908906, -78.997815|
-2.910373, -78.994501|
-2.912174, -78.993482|
-2.911691, -78.991111|
-2.911937, -78.990316|

























