-2.905217, -78.999791|
-2.904955, -78.998964|
-2.905807, -78.996403|
-2.907361, -78.996961|
-2.910288, -78.995657|
-2.912437, -78.993331|
-2.913976, -78.989901|
-2.914693, -78.985136|
-2.913238, -78.985174|
-2.891695, -78.957221|
-2.894025, -78.956739|
-2.891620, -78.957157|
-2.902617, -78.975282|
-2.913622, -78.985623|
-2.920107, -79.011344|
-2.922350, -79.010255|
-2.920103, -79.010942|
-2.919736, -79.006313|
-2.918424, -79.008188|
-2.915985, -79.009777|
-2.909548, -79.019028|
-2.904256, -79.024896|
-2.901838, -79.029330|
-2.903787, -79.031604|
-2.783262, -79.225055|




















